***********image1***********
projection_matrix:
 -83.3826 &   818.053 &   215.41 &   219.08 \\
 -12.1658 & -26.0665 &  754.337 &  204.898\\
 0.166691 & 0.121249 &0.0991074 & 0.247796\\
----------------
Intrinsic:
    3107.64 &     2.2404 &    2038.58 \\
2.48536e-13 &    3020.75 &       1330 \\
5.27439e-17 &2.99979e-17 &          1 \\
----------------
absolute_pose:
-0.595173 &-0.338503 & 0.728824 & -1.09019\\
 0.803392 &-0.271142 & 0.530135 &-0.300043\\
0.0181627 & 0.901054 & 0.433327 &-0.299576\\
       -0  &       0   &     -0  &       1\\
***********image2***********
projection_matrix:
  471.909 &  911.471 &  225.522 &  18.4705\\
  45.4664 &  5.51011 &  955.107 &  417.803\\
 0.261765 &0.0184024 & 0.108264 & 0.403928\\
----------------
Intrinsic:
     3086.36 &     24.2891    &  2044.14\\
           0 &     3048.86    &  1432.19\\
 1.20254e-17 &-2.18349e-18    &        1\\
----------------
absolute_pose:
 -0.0691133 &  -0.380637  &  0.922138 &    -1.4464\\
   0.997606 & -0.0240859  & 0.0648274 &   0.820973\\
-0.00246525 &   0.924411  &  0.381391 &  -0.373324\\
         -0  &        -0   &       -0 &          1
***********image3***********
projection_matrix:
  -675.349  & -266.722 &  -143.829  & -346.553\\
  -42.1159  &  32.4331 &   -661.96  & -413.672\\
 -0.150669  & 0.112581 &-0.0637326  &-0.504915\\
----------------
Intrinsic:
    -3111.58 &     65.7217 &     2051.18\\
           0 &     3071.12 &     1323.25\\
 7.80052e-17 &-4.42781e-18 &           1\\
----------------
absolute_pose:
  0.598241 &  0.257845 & -0.758699 &  -1.37469\\
  0.801315 & -0.191083 &  0.566905 &   2.40767\\
0.00119903 & -0.947103 & -0.320928 & -0.419493\\
        -0  &        0  &       -0 &         1\\
*****************q2 end******************
01relative:
 0.842558& -0.249319 & 0.477426 & -1.14313\\
 0.223985&  0.968321 & 0.110385 &-0.040415\\
-0.489823& 0.0139301 & 0.871711 & 0.283932\\
        0&         0 &        0 &        1\\
12relative:
  0.758047&  -0.245905&   0.604065&   -1.31429\\
 -0.206111&  -0.969055&  -0.135835&   0.240972\\
  0.618775& -0.0215349&  -0.785273&  -0.859912\\
         0&          0&          0&          1\\
20relative:
 0.287735& -0.324179 & 0.901175 &   2.3425\\
-0.418696& -0.888861 &-0.186064 &-0.745921\\
 0.861338& -0.323781 &-0.391489 &  1.17614\\
        0&         0 &        0 &        1\\
------computing essential 12
essentialMatrix
 0.0200079   0.923743   0.348869
 -0.961095 -0.0635744   0.114046
 -0.241132   0.135166  0.0861562
result relative:
01
  0.957727 & 0.0832545 & -0.275369&
-0.0510916 &  0.991216 &  0.121987&
  0.283106 & -0.102761 &  0.953568&
 0.156809
  0.24341
-0.957164
---------computing essential 23
essentialMatrix
-0.01749 &  0.1744&   0.1105&
 -0.3445 &-0.04964&   0.9318&
 -0.1012 & -0.9759& -0.06960&
result relative:
10
   0.9853& -0.009256&    0.1704&
0.0001643&     0.998&   0.05326&
  -0.1707&  -0.05245&    0.9839&
-0.978274
 0.102641
-0.180124
---------computing essential 31
essentialMatrix
 0.107291 -0.304161 -0.162138
 0.706916 -0.189738 -0.632582
 0.306763  0.915684  -0.03483
result relative:
11
 0.8454& 0.01359&  0.5339&
0.09941&  0.9782& -0.1823&
-0.5247&  0.2072&  0.8256&
 0.932569
-0.253196
 0.257306
rotation_error:0.768299 -2.89366 0.306604
translation_error: -0.00050361 -0.000251274   0.00102698,sum:0.00117109
rotation_error:  2.89195  -2.64549 0.0719595
translation_error:-0.372667   0.11991 -0.545759,sum:0.671649
rotation_error: 2.48508 -2.85689 0.131355
translation_error:  1.34104 -0.475253  0.823248,sum:1.64377